22.311807
44.755924
56.936502
47.491852
95.404106
15.391706
18.974066
62.257991
8.402153
96.130276
77.812682
79.241708
43.97162
82.812016
73.678635
84.150008
46.118818
45.252101
76.284674
6.421245
88.594185
97.797116
57.890489
24.255101
19.03954
87.224485
70.067735
91.345118
16.924611
3.784907
98.59633
86.593688
16.840847
47.770468
24.589742
64.814302
76.004664
20.752177
22.666525
0.187796
65.392655
38.558287
53.878474
49.499746
4.060539
61.40633
41.219567
47.372017
79.845807
51.185936
49.334197
17.619475
78.611655
59.234015
83.378931
42.984244
46.834091
84.231976
11.445935
71.51565
87.016374
18.163343
80.921998
86.296356
60.677845
65.203354
53.482529
35.350904
21.194481
33.372365
54.006729
53.344998
57.89914
1.553385
71.308695
84.85155
5.991014
86.561011
68.550254
47.680817
10.339659
39.240142
95.707
95.916373
69.175964
21.474893
5.645347
24.023513
12.396864
32.889562
98.645932
42.030629
20.756005
91.549959
1.449007
18.534358
52.114947
75.610853
32.365545
64.723428
0.815963
24.724203
61.018211
70.005796
74.324614
57.120635
20.63647
77.607493
27.742903
30.698734
8.388228
40.980574
7.00759
8.325121
88.118654
40.914645
59.24687
95.395927
14.386563
93.680156
68.297082
61.681723
49.952054
30.326027
8.446668
6.886866
10.257852
77.33807
64.458868
56.638577
58.711741
41.512138
63.192069
38.223691
2.309789
66.289809
82.704639
59.540423
67.260748
10.351649
50.89121
92.542311
65.105955
78.414504
55.543574
82.142344
32.606302
32.213925
60.562547
73.377003
2.341464
33.479207
67.638345
17.702795
82.886079
10.606509
45.292959
94.926351
73.029202
39.963736
8.393935
42.828089
45.760561
36.798608
45.47963
69.195444
49.842424
32.867196
95.694281
52.379862
78.624435
12.35765
66.13519
34.316307
80.624855
67.737167
96.386122
30.019027
85.607271
48.469791
76.993247
78.907994
20.339887
44.31644
62.345182
94.614528
59.682672
64.887011
14.256178
64.982254
73.483362
83.899823
43.284679
12.016167
80.736486
59.97885
78.151193
84.565405
50.662035
14.525248
25.578146
53.976834
16.111953
11.078681
18.067164
25.249165
8.780357
61.42001
23.067839
80.956985
33.922134
61.534059
79.822679
10.564406
74.981308
43.491932
34.22943
85.820273
16.332611
80.709515
72.959888
25.950302
15.107668
33.80528
60.806488
41.979833
55.6981
6.801949
49.613355
66.005493
42.456009
25.154117
6.966191
27.026822
7.873343
57.698578
13.695016
62.573476
71.019192
66.978192
11.141021
26.554302
12.471915
2.3599
50.722606
86.679932
77.862819
69.864054
22.808439
8.127812
4.627212
11.515014
49.47527
47.124913
70.467246
52.320142
23.061128
48.447389
12.230696
97.618313
19.172682
56.131918
96.132295
81.86451
22.886848
49.622516
55.818712
45.836289
35.22602
25.788444
7.064305
87.301533
56.983031
65.658477
86.556211
32.167029
47.575035
2.764394
14.294918
62.648064
74.621226
64.695826
73.40811
35.733919
3.493316
14.327395
39.63095
40.683055
37.377851
65.827708
69.618322
29.662955
86.293684
60.900688
17.056252
37.770368
35.819332
22.117416
12.99831
17.861572
19.373698
27.049247
33.817896
55.61863
74.073834
95.129809
19.441075
60.885514
57.220112
6.323361
45.334953
65.953843
46.559924
90.381727
45.922593
76.04986
40.432266
24.30094
70.831409
45.445909
1.365908
88.597399
65.368481
26.541742
71.269114
96.864958
76.958833
97.758351
50.890059
83.076991
96.383377
62.108944
62.225958
11.065804
66.329454
77.96261
97.08743
88.502345
16.042922
85.044504
47.90919
3.916103
44.728263
48.38678
89.814532
92.430975
90.590622
23.013551
40.949804
85.873947
90.591068
74.97462
30.396566
50.134408
78.521052
33.751524
17.088375
51.298264
39.34208
57.43496
31.148815
15.354521
4.405854
74.556017
72.447428
52.634915
24.26652
50.716993
91.0865
1.102573
36.030314
96.037793
72.521723
14.935326
47.021101
41.020416
22.236221
99.909353
94.74301
71.997732
34.895334
30.228933
52.242183
13.824939
81.797326
12.936235
49.781609
70.946328
56.310086
34.167135
58.251941
81.501103
31.562487
7.130236
55.875827
93.495934
3.760615
49.933014
4.670792
99.33148
78.685465
4.295759
21.241744
50.770405
61.123742
80.883016
60.12509
99.863844
43.794576
17.993074
86.122048
90.441564
35.213876
45.88546
4.132531
26.352787
57.484656
11.28507
5.890634
56.278229
46.993015
86.390059
99.545365
98.805682
93.247983
43.010344
28.287765
69.252692
73.826485
3.386309
60.355092
60.777012
60.387642
96.566147
34.117556
33.292652
90.005621
88.228676
5.936613
32.890927
3.833115
78.554626
9.353178
95.622521
62.945471
61.138679
28.747926
41.140311
93.977772
55.413844
90.550834
9.205899
8.389207
70.10744
84.468933
13.510417
78.899638
20.422927
39.872362
71.43248
15.054277
26.118396
54.48685
32.937771
4.965164
76.559951
77.058112
76.072452
83.200424
99.77314
49.17826
55.971404
5.348601
16.330714
92.439779
48.038795
20.334354
51.296259
41.415898
23.285827
72.585646
41.897059
85.611626
35.091077
64.149404
36.481407
48.147775
41.405561
68.847142
98.717339
45.49947
68.780977
20.913325
40.655028
4.311265
8.710285
63.786631
26.540669
68.576855
18.210308
96.495964
46.053922
47.144527
98.140115
45.195759
77.27859
43.613587
56.529052
66.136802
26.856135
61.124934
47.344978
86.173764
74.309823
35.517392
87.476878
47.211847
76.657095
20.990283
10.348043
71.654663
56.881271
33.686199
79.795163
10.594403
70.271068
42.217718
96.630902
91.501692
83.1421
63.460857
59.032441
4.149778
5.029078
10.486745
91.326104
3.003753
97.409658
61.617698
36.512953
83.856119
43.931438
24.400067
54.465318
11.503066
42.920843
8.226396
85.636627
37.642819
37.516236
6.042825
30.270973
77.049715
45.73653
4.885452
10.879513
89.033504
14.815407
95.373291
29.33533
6.888143
81.840279
74.209457
27.490714
58.14261
59.981841
93.849291
73.232013
17.933445
9.566418
1.218027
11.560467
75.256882
3.685102
95.656598
77.506529
5.276605
17.659281
26.823713
91.338339
10.156946
49.151758
41.572993
74.905242
41.352314
82.325334
4.917591
32.821873
20.261674
50.804646
69.527408
18.463014
87.657982
54.290075
81.27229
99.448018
96.948593
95.435473
70.983546
98.028024
54.812375
54.906202
74.23916
39.904439
24.235051
10.419107
19.020259
68.566472
65.004416
21.159936
68.48496
37.705943
69.207729
3.95514
3.48213
52.527136
82.336523
18.024471
95.161413
51.076516
48.637995
13.158923
90.377744
74.336496
4.581941
1.658867
16.104386
38.500455
72.506225
25.50339
44.438759
34.28286
85.463864
83.350964
10.236241
0.021742
95.923103
26.532491
94.906059
41.683007
96.36542
72.554901
82.706684
97.781921
53.510951
31.201264
1.315837
24.724992
17.791455
67.404979
42.503436
86.901933
80.607385
24.727387
14.303412
75.001444
9.752268
23.138637
58.611702
47.67186
44.205868
10.072363
44.357248
32.301406
42.873311
90.176399
67.133106
23.803287
90.512757
23.253935
14.941068
15.485
45.811726
17.152287
59.544195
16.546081
43.697271
49.271769
61.415799
50.203222
81.27956
89.665858
17.457953
96.153157
61.999818
12.786878
17.662472
1.634221
66.895515
67.897626
83.610656
30.189774
11.062151
15.362445
61.034718
76.76706
5.945288
90.726945
79.902062
31.37395
6.287194
18.842765
72.432706
87.423865
39.263495
65.767932
39.765197
50.182077
75.419249
23.305297
31.110189
78.768245
66.505274
60.458718
56.375292
88.309215
35.993495
86.612152
27.628967
47.754422
29.357508
89.766613
9.480059
19.950052
5.493213
21.353275
43.327707
73.658879
69.61671
56.240316
25.950264
88.654488
51.701512
70.369961
49.302657
46.222941
31.646737
47.78287
75.938244
26.026104
10.988272
18.034858
47.5009
64.148959
25.811334
43.109612
64.938806
13.705358
7.030739
95.970797
2.199701
34.993561
78.183292
74.973233
50.509352
35.552992
48.378717
15.813602
45.281588
12.997226
0.351836
22.85452
87.870937
81.93096
20.635196
51.235071
20.095495
56.681334
69.005062
52.400323
32.653905
81.012038
41.541164
76.912238
76.788201
57.915674
46.016302
42.430679
17.330072
28.788914
2.263396
60.800164
66.252618
20.637679
49.136066
54.772094
60.991316
62.822594
32.609773
89.355232
29.644296
86.538011
28.0411
9.547837
53.330329
83.336439
18.360736
77.952617
61.618102
19.871033
71.628297
92.54414
10.42726
35.152093
95.101565
52.435007
71.778231
0.40646
67.941708
45.190502
48.291047
76.865763
72.663545
51.265136
53.408676
45.035814
45.779297
57.656586
92.946687
99.243591
17.316003
12.794114
90.651617
88.913565
23.15487
79.865362
62.631009
38.097699
11.549505
69.5762
60.499004
89.995154
52.191968
62.484859
40.460417
33.186907
13.407048
46.870654
59.181595
62.651989
69.888286
53.78238
99.248477
67.813848
81.242914
75.756162
52.002061
48.020219
13.403055
49.332684
72.233527
11.639893
28.500613
89.699239
94.294766
70.018671
94.86858
96.702347
15.68113
4.915038
1.906242
38.665961
46.422515
58.102332
97.191257
13.689043
89.954608
55.065358
83.839482
6.137428
97.115825
42.3173
99.957151
86.101461
3.535841
12.562325
71.687698
59.350386
37.914466
77.935784
24.887735
4.530508
16.953762
33.297563
4.360463
78.927492
15.591091
93.460693
60.264437
31.186523
70.578653
69.242361
94.977134
60.376565
46.045464
67.997324
29.937175
85.775542
32.123698
47.684181
58.508097
37.96045
47.856464
89.647429
10.983297
71.921179
64.582799
23.8283
69.756286
92.451534
22.517214
86.734949
32.97669
99.345326
91.583596
1.58455
73.641179
24.19088
70.966142
29.618543
34.672261
63.511389
42.703262
58.814994
71.544554
28.261298
11.715386
46.516156
87.506737
9.792464
92.890989
29.182025
50.922014
88.029811
67.211214
3.837595
19.188076
1.138535
54.688673
74.350886
11.220056
20.294994
17.60843
67.627517
12.672633
84.2055
88.796995
72.09579
66.76043
61.607165
77.773955
35.855119
32.793745
58.853369
96.947182
13.715645
35.816439
31.102679
0.82179
58.540037
76.150178
19.058045
56.133063
4.666182
51.279435
56.865137
31.718108
26.015421
29.71391
51.99427
18.073045
34.82833
99.720554
7.314354
64.661206
14.036766
8.599928
5.758556
24.248645
87.626484
76.698086
4.58147
37.211877
72.928046
15.46568
93.58688
90.632231
87.42821
94.346219
90.895128
60.596955
99.818808
38.026704
33.929873
16.002102
37.803428
66.047978
1.116382
72.981789
70.185643
98.966745
21.986195
92.187732
79.95176
4.156969
45.541375
75.778781
33.950807
50.937546
76.080833
89.437037
59.639837
56.26916
58.744871
34.800647
17.698417
92.703037
23.366367
49.099017
71.42472
74.165016
18.009909
62.326277
63.749282
