21.679622
49.261659
47.378742
3.365925
95.850232
26.108336
36.077538
16.68685
58.984433
20.931843
49.682358
94.492896
50.458417
89.745551
24.439196
95.990442
28.905932
3.05532
92.743953
71.68878
21.812951
7.568251
60.055107
66.292642
20.385377
96.852222
66.466193
14.039356
74.157134
90.603246
87.934915
44.715148
31.845789
93.125522
54.191713
13.183927
62.611418
33.895153
45.007278
41.706064
87.412281
35.46039
29.903405
70.803085
53.284653
2.656869
48.000018
58.060414
95.142485
4.435549
16.000238
25.338861
38.371653
1.27818
59.42181
48.771586
81.542531
0.712565
33.731722
15.506474
32.92198
28.235942
65.535361
60.767805
37.482292
10.012043
82.822829
32.094185
94.584919
4.573412
76.356609
0.84082
37.576973
69.345075
73.069034
58.325069
3.014893
86.913012
72.857367
29.228099
12.884171
63.822188
74.591046
16.901481
29.288737
23.182693
74.819891
63.544486
25.576898
83.705559
17.741112
4.636947
28.59164
89.306259
39.230776
11.788665
57.774499
47.821947
71.527226
1.541509
86.198321
6.46131
48.747716
73.415075
2.895358
72.970546
99.151263
41.392475
69.157452
29.191909
49.233091
60.503175
16.591428
39.373135
73.048549
88.934617
65.638847
20.265081
65.401723
88.711177
50.800791
88.933552
39.289216
77.694956
61.02476
16.834896
47.86744
17.265442
85.663192
52.577521
97.553222
17.95861
36.908065
77.578632
31.903848
70.606871
27.971532
32.656693
89.86645
75.707416
17.238515
61.149062
69.880382
29.564822
35.053081
14.255314
23.654482
95.798371
70.437616
62.872336
39.666812
85.046103
93.01963
34.899093
28.054444
33.777289
3.14882
10.398913
73.340854
28.572775
22.106079
41.000237
75.042014
6.323108
10.175612
47.821094
2.674651
17.480769
50.569991
78.58036
62.98637
23.917394
7.284001
39.164392
74.280043
89.01879
10.565257
42.146683
66.817636
31.086901
17.665235
26.835671
11.775191
16.034168
96.696302
40.969617
6.972178
25.817862
99.203319
94.881033
32.719422
69.869484
13.918851
28.891949
60.485958
57.729733
38.886845
98.49108
28.881845
13.007217
9.139776
85.260818
18.863846
30.368132
76.060935
91.550526
9.148988
52.065035
73.436176
3.804325
40.935835
12.073327
46.099463
30.484715
25.089654
0.559454
97.468766
50.341383
96.898953
34.399776
5.95868
81.740245
87.370312
38.175507
14.762265
94.728622
3.513891
35.520779
17.366355
24.594663
9.497425
76.685439
10.97439
23.298802
7.736336
80.833231
83.64888
28.802684
96.378756
31.82568
8.958024
66.839121
33.356251
62.08527
68.365394
93.178616
11.834049
84.829009
96.890876
30.681782
65.82639
18.322228
74.08849
20.494462
14.103104
81.608268
78.874445
35.533043
50.807289
62.953302
84.298245
97.035501
25.995972
18.940734
89.992322
27.51406
61.13753
5.293982
92.961201
5.693266
78.108587
30.125434
35.748922
69.213727
63.27679
5.728893
88.298947
43.70733
84.628904
37.181766
12.27058
30.439937
10.532115
8.63413
61.522363
10.557621
1.628929
96.613981
6.341532
23.934062
97.994737
17.193357
32.427349
0.588602
23.548752
91.677478
2.466195
9.227442
57.851335
16.491626
32.188967
59.004648
67.732302
71.195747
21.446338
43.692156
24.792764
5.734759
21.786201
74.276365
44.09373
81.154285
88.071258
59.558234
8.243298
65.296292
3.099107
74.250162
79.91957
44.905243
40.575717
20.806983
49.482913
22.588593
32.865103
16.604067
62.818801
23.518757
88.140078
96.812653
59.126851
36.815642
86.409885
33.057367
56.511712
67.695362
66.560009
62.455911
15.044087
87.312036
81.909462
24.868023
1.674454
95.618322
31.463771
86.197909
54.539919
52.81658
34.079355
7.279258
63.836556
87.678497
63.476965
46.439488
35.178913
26.430241
37.667626
61.816638
99.685044
29.156612
49.865935
21.739437
38.368073
45.355657
60.429963
63.038495
27.609535
54.663085
0.851401
69.607552
34.854097
53.118688
47.336057
11.863803
72.370286
78.169916
56.374937
26.642074
74.46537
67.190437
24.632647
59.161854
80.945925
43.328683
14.927512
17.82764
8.974028
22.303332
85.881655
3.331187
75.18755
80.488161
81.410457
26.305497
79.127968
90.771161
23.724867
56.002797
63.757953
86.468119
12.267715
28.467074
75.242088
77.55183
84.93754
19.375683
62.38412
91.687577
6.99408
99.670403
11.489009
89.882662
40.374578
39.884668
45.21694
82.817996
30.648546
78.726399
62.055475
67.014376
37.161245
7.118105
86.253903
43.339941
16.798757
79.37003
33.451908
63.501641
15.138152
77.959016
29.739096
17.839748
72.062081
66.278276
52.844376
81.110571
19.682711
89.550986
87.034358
99.184596
75.901271
32.12088
47.807319
83.179664
99.00883
23.300563
21.915691
89.135568
37.706458
28.095328
88.706497
80.556455
97.434575
14.325821
2.998367
88.302047
92.065043
88.252817
16.045448
2.817833
32.571159
43.802203
67.258706
48.464622
88.351616
95.515998
85.765849
85.44732
46.179892
67.669357
13.283557
28.077898
76.394331
45.220963
87.763194
7.494056
74.157191
74.821204
84.23403
46.381062
99.845777
49.643758
17.969511
68.812051
34.864218
13.327663
92.452811
53.496376
57.736275
61.286921
46.756134
65.833824
20.077235
62.329223
63.940854
76.896911
50.607344
49.398258
61.631746
32.726259
54.691716
44.643739
87.459483
15.991669
96.857453
90.695229
46.059566
64.526913
97.18408
70.448067
35.56642
24.911565
73.885646
54.750619
92.520131
32.013356
33.5308
94.356374
74.79721
66.186042
87.626633
15.26825
13.410323
99.823001
6.651298
71.719337
17.616046
28.391481
70.940726
27.019085
70.618978
10.672704
35.689536
25.140062
15.377121
82.141408
48.207375
36.689952
77.204821
72.212101
6.784021
26.073836
40.56234
15.901759
37.607418
74.963923
1.953284
12.376175
90.665705
48.129565
28.84234
9.046578
27.680631
38.667413
82.249484
88.74157
54.810951
13.433571
69.280725
6.876356
72.256173
15.11454
67.476905
11.852276
65.006951
64.185435
90.252814
70.899006
18.968544
22.818896
20.445931
90.251531
26.375874
70.630173
33.020432
2.544741
59.346807
79.486062
45.149995
84.966323
51.32018
4.006236
22.383771
59.506438
84.47166
42.570342
93.885801
80.174473
36.506976
15.918273
28.311174
74.804013
36.122295
14.481695
45.628414
91.429236
48.599775
38.521586
70.340715
12.335861
80.353359
59.729966
87.728075
94.500834
90.709085
93.762459
28.882121
6.678241
22.856547
46.276707
20.607954
65.433554
33.141416
40.191275
1.983164
58.294505
7.433338
56.575682
57.92891
19.396464
61.495623
67.658255
81.725394
55.38216
95.496432
73.066901
39.36481
85.312115
42.455595
75.988355
78.030526
26.775282
52.307331
80.625278
34.42748
58.874237
13.180665
86.300847
0.868987
99.488
43.341874
12.469806
11.055356
55.212909
23.285311
97.94971
65.484124
86.779701
8.075956
28.027696
67.426721
38.42654
13.434424
75.513444
66.410394
10.668832
47.556346
92.458952
20.920558
12.122653
78.873124
45.521705
34.797355
62.148703
99.706385
85.376747
77.078332
47.740491
48.530674
4.816168
98.25538
24.693336
38.623637
4.423428
64.824147
3.750064
26.618444
88.054519
81.573175
4.28911
40.379621
48.412666
13.469144
7.970709
19.407093
76.940886
28.271878
63.474198
18.786508
26.43971
84.443707
27.307927
79.461543
72.47795
65.565667
42.314278
66.432917
23.40324
86.880102
41.90188
44.160828
23.949667
20.476987
39.328221
55.321491
22.874151
95.957706
50.827348
65.544523
36.453967
0.072357
37.055477
69.49519
46.407336
91.832667
62.662486
7.15198
8.426201
74.036017
66.892462
13.522354
69.122705
39.94869
84.899308
43.25535
36.603402
0.12152
9.832981
34.117597
25.992002
44.549531
61.943759
75.26664
79.330479
18.124383
78.660165
35.989554
41.126796
67.732922
81.431456
47.379379
54.315978
91.693737
17.11761
20.389275
51.761598
31.764099
16.640318
84.075318
56.333396
42.193738
33.846437
82.77643
54.121535
0.999338
61.497624
53.58785
95.879616
79.962561
71.092922
56.106838
65.290642
36.559878
94.901676
77.901757
22.834897
86.228632
98.278787
31.654568
19.514414
87.953314
81.032622
96.82564
86.822752
89.909464
77.140037
80.770194
33.887238
24.361639
37.965267
80.023985
22.358892
17.481498
35.25768
73.038001
81.789972
35.784133
2.53248
39.734832
9.397974
47.270906
75.660598
28.96869
45.371172
38.336751
55.593725
44.136603
84.613354
98.590296
10.754168
74.643128
32.619613
55.366733
43.037033
24.507325
24.745861
38.973018
99.819331
9.954296
21.272037
28.526941
66.651783
54.81838
34.281646
71.136169
25.036973
37.579954
56.206557
92.808678
88.048252
51.678598
89.094234
13.200573
58.593325
34.104067
71.445916
56.731125
35.294553
89.362835
64.958181
14.612014
6.278301
47.651739
45.138655
61.728449
57.77642
45.981021
4.058664
35.784219
82.336464
42.517352
32.519295
91.880079
10.797981
37.390047
41.741918
65.751316
4.194029
10.505077
53.863472
82.519592
85.640574
58.510547
87.682207
52.351228
64.183052
23.801051
94.117056
64.516194
96.924044
80.6712
53.908303
86.68618
59.82557
7.435017
69.424784
25.328935
18.455221
44.764597
78.134248
76.156099
91.984405
39.019646
15.638281
91.016499
5.442082
51.228286
18.110214
17.452718
35.105724
91.624827
14.842343
59.595866
0.793244
39.434992
1.476288
21.244791
15.548242
79.562154
63.800278
43.748848
42.266351
28.592746
32.8916
38.312349
70.933199
72.527832
46.890937
19.073105
36.484161
26.611672
74.099187
31.421143
8.120901
20.833952
81.561949
41.16354
59.559933
84.204865
15.80175
60.448858
52.454389
72.510491
65.100388
47.029507
50.091692
39.545
21.497642
13.838309
81.949439
1.539722
99.25506
87.339689
12.459548
51.266527
94.061767
14.996247
44.692076
45.861482
79.090333
11.377014
66.532168
53.372905
21.888156
17.648354
1.883475
67.348984
61.891338
59.953528
26.233227
2.612184
22.935441
66.811151
5.115167
77.419981
5.563622
13.387525
39.719009
60.125601
33.971644
65.444761
96.962031
36.993654
87.482418
33.204255
8.167238
34.010639
53.424869
98.730196
13.494423
42.745537
64.947173
91.153835
22.893493
66.273347
29.05339
92.720256
64.511853
84.86879
26.661092
65.709915
53.889484
65.931009
0.542343
65.854391
40.811383
33.09481
64.732991
10.424739
75.52808
44.491621
8.416194
30.59689
66.925788
24.922316
33.538726
28.415209
90.352785
94.742564
59.007424
4.931893
69.196883
5.577364
62.275348
21.556357
92.700188
42.384898
3.259856
74.044428
88.447469
63.772523
89.598976
9.414405
86.533951
70.846888
64.753924
45.360182
13.805485
67.88068
66.939649
13.884262
55.485015
60.756219
29.250948
28.930514
33.767392
39.684612
84.890769
3.318128
53.255986
16.966095
49.943797
51.960716
13.263824
