-48430
56589
-65340
-21135
-64544
31354
-38208
43318
-55305
-31676
-14390
54727
-41618
-49427
-33560
35824
56262
-11437
-16043
57759
40178
-31580
43387
-26681
63074
10751
29561
-13947
3572
42752
-29301
59024
54523
-50959
-4929
4968
-1486
62179
2681
-27913
20676
-5879
24736
-50627
-45320
28582
25421
61776
21161
62739
-3750
58413
28609
34018
-42209
-48059
-47741
-59916
-2794
39601
21845
14599
-32633
27154
46674
-24725
-22264
-20471
51832
-35216
-61593
-35726
-49664
-5692
-20184
33624
-39380
-59214
-38009
42646
-15010
-61041
59299
-22597
-61379
-60475
34110
-26658
24770
328
42877
53394
12522
64634
39045
-57398
-42112
46180
35432
-35124
42299
57527
26921
10743
-37744
63840
39905
-38821
22569
-44183
56070
6802
-12870
4737
-37231
-18652
-16148
15764
58778
64935
-39952
39329
25216
-32138
32741
-21282
39938
10979
35113
-36108
11639
-53371
-5936
58365
-35053
38564
40812
-13303
-25705
-3611
48060
-21917
33327
-54648
1905
-33382
-22160
-43933
18193
21768
2261
-13482
-7153
31200
-1827
-58295
2598
62514
54494
-9255
29211
-61990
-22286
38875
39851
-39261
13341
37909
-30497
31443
-60580
-45265
-61905
-49300
-24979
-19845
-6212
11907
4479
-21161
-44515
27324
-18998
43269
29163
59342
3271
25426
-33161
62587
-2772
51186
6398
13699
-48017
22395
44723
-45416
-40405
-47915
43926
-34729
44796
18259
-60602
60269
17312
6085
48493
11664
-45182
18775
8921
-17615
39310
-22025
51129
-16905
54577
17054
54779
2745
55295
11339
-32314
-37432
-40494
35526
-16969
34883
-18799
-64410
-449
-35562
51354
-43726
10053
-3708
-13697
-63709
-28971
22791
47951
-40934
27001
40312
21701
-24912
-16108
49735
-46578
45694
-8440
-38909
5618
-27357
-54772
-44626
-60827
11375
-31108
-42825
23014
-63639
-30719
27366
24092
58739
63244
-1157
45438
-61397
-64104
11765
-61940
46963
-65396
-35748
2947
28700
-13802
-19185
-34989
-59011
-26209
21954
2441
-51266
-13434
18318
37415
-49262
-22911
-17162
-760
-26807
63516
2738
56562
31886
-51320
-29604
26743
-42924
52012
32408
33323
35487
52876
47641
-63694
-62464
52060
57703
17602
9753
-4291
-20494
-5516
30451
27337
-60813
49108
14864
38026
14774
30459
7637
20525
56153
11134
-4266
56031
-701
30957
-40412
467
-41558
-64902
-29760
-16785
53653
-61761
-24289
-34738
-32919
45584
-20527
34237
3903
47698
-40545
57413
31767
-20685
-14790
-32518
-37411
57211
-55970
43199
52964
-40799
16737
50636
-63346
-2959
-64277
45410
9418
33874
36819
49744
37534
-54690
-60318
35351
-10240
42355
-13606
63575
-18188
47506
22370
-24049
-31404
-8444
47483
46151
55933
12260
44850
-15868
7147
40033
-11947
35527
15141
57551
57303
38340
41664
-16821
10420
-27646
5203
-28304
-950
-43247
48024
-10586
-8583
-51376
13884
34093
-62155
22839
4646
-2499
64424
-56764
-32223
23822
6158
55960
-46435
-19424
-40333
-15148
-24405
-41921
-58179
-52762
-55982
55886
44201
-36073
6375
-28017
20688
64146
19992
31097
31302
-62227
14111
-61944
-50942
-53106
10795
-35123
940
35270
-48087
-59110
-26328
-35447
-39411
4700
21825
16075
-59796
-47179
8325
42095
45665
-9821
14301
-55436
-51673
-10213
-60716
34589
-18540
30175
-34617
41719
-2882
54833
63002
30380
4300
-39125
-58766
-65340
40108
44467
-1062
63030
-28676
-60309
-62298
-39682
-5587
4092
53464
-26349
17468
13155
-33757
62864
-3628
16086
10407
59904
-19849
-10210
-3337
-48028
-43432
-36728
-13659
25414
-52718
-52797
-43118
4358
-52857
52312
-60961
-4940
54205
-13887
3160
-29621
9991
31515
41102
20925
-40643
-4215
46187
28473
55376
18794
30366
54810
-2711
-27830
32139
-30349
1974
32363
-54892
42655
-63813
-204
-2412
-18909
53326
63173
28916
62160
-57963
-34580
20784
-5266
-17727
10524
-979
-14124
-27039
-15366
-26419
-5321
45980
29829
58636
-28867
24090
346
9447
-43835
-2852
-14929
42540
41913
24057
25472
-33130
8210
-3092
-58845
30166
24257
-5339
31036
-29427
33526
-30527
37473
-32817
-11633
-59956
12361
50058
-14422
-12820
-31689
-53208
28916
57718
5901
-28449
-56431
26988
42728
-44927
-6345
40459
-26210
-5080
-17838
39136
23126
-25328
45982
-6330
-18132
62200
-61539
21110
-58643
-56051
-23793
-33263
57439
-25364
-1176
7844
-33519
-60936
58335
-29671
-52595
62529
24688
-58345
-10672
27530
1406
-63724
-65044
-58877
-25406
-15041
7211
49263
-57635
41387
40603
5038
59441
-62218
20265
-41383
20149
-24148
-31642
-30404
-63989
54793
-39249
6952
5186
-35119
52649
-62890
40905
-38631
-57462
-20346
5711
46656
63284
-18223
-46310
-12298
12224
15211
-22745
19800
-24292
-63458
-21688
33287
-34925
-51883
32161
64945
-47888
-14359
-41957
-49986
-16066
-38492
-36984
63064
-54699
29860
64002
30593
56216
54883
-26427
34767
3319
-56144
32353
18960
11901
-44321
-6956
-17912
3191
53567
54831
-4990
-48041
-20304
-46861
-35180
-37375
19013
-14031
64289
2500
61963
-37295
19918
-23007
-33644
2174
-36037
-29270
30321
-50902
27585
9080
-30609
52109
-45399
2630
-56885
-36268
787
944
44738
40862
-21609
-5666
28803
-10920
54195
-45486
45743
62791
-18100
30759
-18080
45718
-9366
47866
-65171
18661
54480
-31903
-4696
17712
23850
-20964
-48809
61560
-45433
44817
40149
32853
47990
-56083
-35027
-34755
8970
-22351
59194
-40088
-10836
-22813
62189
-31005
23099
59266
-20972
2479
45505
-34337
28592
-41614
4232
35828
-47341
30585
9728
-10288
-26217
13069
-21872
-22438
-46024
10034
696
9878
65170
-41487
28730
46516
-20455
-21634
-24321
35595
-3410
-60031
-28376
13798
-50360
60673
-8549
23126
33903
55557
-17101
-65372
-58361
55386
17233
29072
-56219
-45960
7725
53402
54115
9473
-41209
-59062
56576
50075
-54322
-62124
-21112
5466
37152
54458
-10257
-58827
40076
5519
7194
-2469
8887
30484
56497
36971
-55852
-62220
54973
53137
-60245
-11617
47106
3980
7219
-49659
-10394
21875
31735
44859
41619
52923
49412
63169
-24911
-27021
-10382
-31622
29703
-35752
-31437
50127
-40770
4484
-11673
23891
-40546
-25843
49696
7606
-61713
43076
58520
-8115
-61671
9368
-11371
-16322
-8223
45863
23314
-35491
-9017
-11931
21315
-598
-10329
-5172
11893
34755
-5174
-58405
-54248
51131
60992
-14375
37828
43464
-32083
30906
-58631
-40946
31438
-40849
-60480
-48793
1776
25409
52387
-4153
-54175
35116
32276
-17986
2493
-35513
9438
-26166
4125
2503
57690
-38818
-55609
50359
-52500
56396
44712
14280
12239
3790
1982
-1266
-43173
35781
-8455
1348
25257
-24832
37840
24417
-24891
7743
-16183
-29674
-29657
-20562
45824
64952
57796
-257
56240
-24935
-35023
60543
-51801
34561
27469
12841
-7320
-5326
-5310
-7788
-14793
-41926
-27334
-60217
-37533
57701
57716
-46920
-58139
61816
-52613
46068
24686
48041
-35036
-38537
-35469
15916
20488
-56631
-22558
-11845
-9067
61151
56968
58666
46581
-2041
-11760
-16564
-22547
41453
-60827
61390
38577
1647
3040
-54014
-3744
-62239
26022
50818
42480
-60423
-53478
7148
-5315
20331
37099
3635
-23972
44964
11841
52114
-54205
-35630
9564
6977
-2026
42868
-43043
18133
857
9658
11541
-53275
52437
50215
-36245
59241
-27203
-6751
50053
-41595
38418
-23120
34375
15135
-3511
28632
65014
-5300
-25157
48449
5605
-56350
-22702
53711
788
-5081
21345
15154
13862
-49168
-14445
18320
54507
52314
-31620
51908
18726
35367
-10726
5480
16267
-54906
-37097
-60324
13694
62461
-57368
23888
45928
39253
38183
53761
1866
-45353
26135
-39704
9692
-9658
-30562
-35789
-3196
-32328
-43274
23819
22543
9712
20929
-48466
60947
16940
46327
15590
57713
38267
-3447
37094
20949
58464
-49208
3064
-55747
17647
-30540
-3117
-42137
-7193
-49758
8786
12645
38389
25263
3665
-10475
1515
-56269
56353
57062
-59289
-11583
-48297
-543
-7906
-42614
41061
9693
-51916
6944
42228
-15463
-28260
-17009
34615
46422
21150
15491
58842
-4779
45029
-38875
43426
27026
-30033
27954
12202
-50761
36590
-22569
-65408
38321
8721
22510
-31610
-62537
-21440
-27196
38988
24843
14842
-61303
-20278
60776
42729
-51584
-38887
18154
-40081
-45477
-40053
-49604
-57763
-8765
-21684
55927
57026
28909
48997
-31261
-11749
-54482
-2519
10779
17309
-19820
25934
27713
22165
-31241
-59298
13677
-55448
-27587
7493
-43710
-30897
-19588
10568
-46170
58842
34866
-18090
-16964
5879
-15374
-63533
5765
-8645
1450
-24384
-11131
44848
49271
17030
22282
-10095
-34447
40512
2859
17023
-45644
33583
-3216
56330
-18072
42611
-18224
-23815
-13057
16665
-29222
20135
-27490
15600
-31092
-18030
20267
56124
-33113
56528
-51760
34673
-16534
-17757
35355
-45161
-50432
-9690
-43717
-53369
48456
11038
61865
-3223
45619
-47127
52706
-19705
45421
16780
6660
-18334
50512
61679
13832
-51352
-47828
19372
43035
56955
-47550
-44423
-1990
36094
1826
-32390
-29687
-45258
-24560
-45248
-3336
25255
28489
13510
56127
-11086
-45283
40270
41038
-53399
-33281
-38887
36067
-47853
19232
-32240
-61789
43244
7800
53414
13435
-4628
42253
-63169
21917
21907
-53199
-32735
8698
-56100
319
-26829
-27223
24156
44513
-46670
-23359
19440
56002
-53263
-6785
21181
-48408
15316
57951
-53654
-34043
-35101
-39061
41038
12222
23366
-35290
1709
1425
52734
29251
-39393
30708
-37009
-28977
47233
-65129
-15417
59387
-2268
24653
11417
65276
-40223
-39810
47950
21245
46783
-26947
50651
-59707
6540
-57080
-23831
26621
-2856
61598
-46449
44816
-46246
8709
-51799
-14405
-27203
-25199
21205
18469
6775
46423
-56208
59497
45192
-56335
31877
-29422
-36724
22091
49862
-40015
29940
-38041
14600
-10882
45960
-4703
63441
28486
-39617
-64521
-30864
-25924
43641
62274
-55975
-27607
38143
27949
-48191
38195
-60607
42319
-42837
-13566
-41842
-57488
47250
63814
14152
-9489
-4785
-46084
16879
-26119
20044
-54933
-1103
3536
-39277
19835
-40484
55906
-50113
44755
17461
-38367
-22295
7773
45052
-36545
-32041
59455
-31660
39913
35730
-22020
-31586
-64510
11772
-61965
48439
23514
5867
-23703
57998
-30593
-51083
-1282
-33256
16835
12918
-60130
10661
-45233
-49094
60674
41683
50302
49120
63149
2287
1267
40054
32355
63640
16634
-47697
54214
2286
-41850
55274
44970
14651
59263
53871
-54445
26136
-33547
32483
5065
-34467
1068
-9133
59348
-37982
-8022
-61681
-6216
57412
42495
-43040
-63011
-37951
5803
33519
49778
1807
-38173
16039
-53900
-43167
-8740
-31563
16986
-12912
-31759
13864
34557
-24335
-54061
26373
11073
-25621
17036
9685
47033
18651
14059
30373
12997
-2741
64430
13582
5513
56125
-55013
2288
40655
19155
61163
48271
5153
8455
-39887
-65132
55877
59770
-29324
-13467
45437
-21080
-59979
-57256
3027
-12348
652
29796
32727
8123
-44563
5817
14513
-19503
37239
10899
-23331
-59214
-34153
-38583
-39534
-4087
62480
40638
-64444
27987
62588
-26657
55128
-39054
-53687
-26821
-41633
-53556
55741
46725
-56312
53424
5419
-53254
-42313
1439
40674
-250
39801
43585
-54931
8894
-41586
55061
-34575
46125
-60614
55205
54999
63299
-54224
54730
-40103
-32868
24416
-24115
41226
-63336
54087
57843
6432
-23650
62767
-15134
-62490
-11501
-9744
-46404
-31891
-20598
35887
13692
56644
21207
-41635
50452
-52482
-2855
55670
-4156
46933
30152
-2379
-42433
50811
16283
12071
-48660
-18544
6292
31201
-5841
-43629
63216
-26762
-15787
-48179
-24269
-12600
13697
33312
55616
43849
40992
44281
-59864
57683
42432
60311
-47325
-57300
-10309
-57123
-59334
22919
35384
61322
-61
-7308
-55896
-36045
44953
-11481
-16411
31205
-5950
-52011
25600
24635
55312
44008
-2339
14736
-19922
-19796
-65427
5867
28050
-23934
-28525
-53542
19038
-12300
52470
-63478
34249
32815
55944
-2371
-24571
23591
46332
36830
-35391
32252
-50930
49684
58225
29359
-48323
-56441
47029
3129
15272
-10225
9358
40679
46169
-37785
-35121
14566
36370
-7975
-45652
-16991
50267
-6902
-14651
-2864
-58204
27180
-58954
-22318
-56231
8787
12331
14328
-24828
-4349
50241
-53410
-39325
14688
22161
-41262
-23659
-39731
-47854
-65446
-21147
-39081
-883
-44465
-3660
50189
63847
56432
-30078
59591
55256
6373
-13086
27415
-17138
60452
50497
-27820
-42395
32119
-1179
59172
-13629
-2464
27413
-44097
4283
25972
15553
-14657
-64657
-39966
61835
2353
5335
-18436
-30637
50842
-26138
33723
14930
-25445
-19308
-14710
3157
8087
19383
-17461
-59393
-54982
-39694
-39132
-64167
54151
-2873
25126
-42482
-53553
39423
-23957
47916
-55037
-47754
13217
-16393
20672
40851
2591
63995
45933
9041
32163
-23872
30639
33762
-9237
-24315
11436
-50744
21059
-61875
5342
-46036
64712
-49255
23303
-59757
-46290
-29819
56830
-57400
59615
-4339
28242
15822
-56872
63055
-56795
-36554
4020
-60355
-23170
-15729
-42651
-35349
-13449
11288
-43129
-48698
-9114
40349
-11984
17769
16625
34695
-12526
3507
-4863
-61657
42914
18906
36979
-43262
42964
-24930
32105
23246
-1304
-250
-31604
-21107
56980
-20780
-23246
-36052
50649
30992
-28892
-53908
-57460
-20668
-18180
55900
20527
-45057
48367
581
3324
51918
38643
51199
45553
12027
-61512
62573
-62700
-24523
10798
18114
-6856
18020
43044
4944
53791
22404
35288
-64873
-33860
14609
-22997
-23486
9593
-6235
-63946
-49464
-45995
40410
22881
42468
-32350
21215
-2255
38469
33595
51709
29123
16532
34274
-35384
38619
-11659
13536
39227
17971
-39168
-16111
-14661
55027
59641
-31847
31062
-11922
-10325
-27696
-46070
-48552
27182
-28745
63753
-20083
37331
-2430
-1384
-60606
34765
38437
35386
2691
-44322
17513
40004
-5002
-3698
18591
-21087
61286
12520
35814
-10214
24946
-56617
4962
23495
34497
13302
56878
-4355
-8066
-207
-21259
46232
-30635
-43547
-33778
-42381
-21639
16764
10609
-58711
-54992
-43805
-43591
30069
-38667
16556
12361
-7705
-40517
58105
-8314
48900
7618
-62025
15772
57003
-63058
-29401
-63938
-38356
-4758
-44079
-13453
-29357
26207
64272
61709
33461
-40685
-32776
-15033
-18989
-40933
-18565
-35942
62228
-9511
-25620
18888
53630
-58944
40654
-52598
-26703
34230
39146
-7077
-57050
3594
-35291
-45170
43781
-3099
49524
-56486
-36327
50229
31556
-53721
47331
-39290
-4192
37902
-29468
35529
41126
8437
29116
46193
-10481
37464
22872
-6896
-60137
11227
28574
49948
-33704
-10752
-3491
-60931
45383
50945
-29326
528
11588
-51001
-9783
-57290
-6395
-28841
-8483
-16328
-54024
44237
48331
-50539
-35151
16690
-6332
44024
-62157
-33461
-50297
-58986
56881
-19112
47601
-46124
-62059
-42132
-4623
-6451
24082
61628
-44410
64914
-42612
-3970
-58241
12635
-40442
43957
13632
-8335
13746
41378
63045
19019
11802
51389
52929
56809
60724
40417
-46622
-23620
38098
11467
-18816
-3840
-7892
-42150
52261
13126
-13663
-30589
65469
7426
34948
-28914
15648
-27618
-64881
25097
13520
-12564
49988
-25107
-38321
56625
34737
-41735
-63987
10439
41587
-7709
-43901
-62747
18168
27556
57397
-55843
47703
35692
7575
32991
-47957
3348
-40247
-15029
37260
38826
10985
2851
-256
18516
26398
-49931
-57263
65289
52009
13726
-4736
62499
-11377
21981
38051
-28734
-49500
-9839
13796
-54083
436
-11144
-3001
-18299
12313
41515
26867
8754
22067
33535
-22337
9883
-23113
44328
-64827
-38841
11621
-35434
29644
-4566
31554
3940
60734
60417
-15569
61381
7567
4412
-63107
-39641
-47871
-52331
-64571
61868
24191
-18023
22713
-47000
30049
21407
34985
64343
-11932
-59963
57778
-26325
63121
30944
-46404
2949
-13028
22888
-30404
1012
-6556
-29531
2342
14384
-52058
-39911
56232
-45257
55627
-56363
-11321
16782
57399
-23341
25373
-29214
36400
16428
-35432
27310
50403
52121
-8794
-25654
-49635
-8131
-31324
-15041
-26259
2434
-11032
5598
-59897
64145
-35392
-39021
-5198
32176
-33203
-24272
29523
-42073
59281
9057
43589
-27586
-46053
13577
-18361
-16999
63207
-12996
-21985
10783
21479
18769
-50327
17127
55335
-41928
-36655
28356
-25265
29122
-31095
-53586
1602
-20095
6610
-10460
-7871
9256
25083
-50454
20506
-61041
-19680
-47487
-57880
50098
23230
-15290
64483
47794
-7649
-19045
58392
33172
49060
-19842
15091
62556
268
58141
-59114
40304
-475
-38065
6177
15460
-12634
-21503
-21976
-29748
-2191
10279
-16786
47931
5287
53690
-21550
42644
-16991
53204
-55354
51975
50228
50582
44236
-55019
43883
21561
46900
14492
8525
29453
-16933
17579
64191
-27831
12360
-3437
-4859
-35808
-42867
-60562
54143
18047
-59896
-4266
2016
33745
44899
28051
64264
-32366
-12408
61109
-12289
-34780
-63083
-30543
60429
58308
-3574
-41572
-46954
-34332
47846
-47073
32054
-31367
21178
4155
33621
-19979
-10447
-13656
-55895
-15618
-9793
11673
23014
-37319
30660
-47524
-54770
-46505
-29842
62378
-61644
-44950
-47288
-60334
45118
-54506
54074
52092
-26303
58442
64474
41173
40562
16046
-33787
-11501
6089
-59804
-40871
-17418
-36230
-43769
48502
-55078
2643
54753
-48579
13933
-26528
-36571
23844
33065
-45836
-19598
19315
5045
37999
41156
-6812
55276
-28233
-53278
-65236
51945
-13795
-64448
25557
42837
48338
-10942
45187
-61744
7844
63479
57730
31514
6765
-4183
23197
-54418
52082
30441
-49680
-62482
36219
14849
34340
-34674
-65383
21794
35362
-57352
-175
-11806
-30959
-36445
-46427
60226
3009
-3640
50647
-42760
18003
-9878
-26458
14328
36281
13224
54556
-63705
57776
54033
11583
-7090
-50996
18677
22170
-47330
-3311
43827
-64094
51946
-62630
-31161
-12121
-29310
-16440
52462
-47398
-6099
-54222
24658
40115
16195
-15877
60114
-56627
1749
5824
-58163
-24261
37374
-36085
-29489
30836
22865
-56098
-8644
35042
-46601
-49217
13707
-56229
12771
-50073
28223
43011
-59315
25485
-49312
3694
-51469
-37660
16231
55546
-44391
25273
-17605
-42690
3080
-53675
-46112
41191
-55432
-27322
-62048
7039
34654
40935
33872
-23155
-45850
10040
3235
41099
26077
-23086
42053
-56097
-49970
40069
47578
-39508
-53539
3656
-50900
9169
60589
39971
-36346
22187
13412
59281
-33279
63509
58054
1288
20144
27945
-53415
3888
-30905
-23390
-29903
-32730
29990
25490
7179
58930
22446
43607
-46452
-31133
54025
42415
58467
30062
22902
12719
-51075
-33245
57130
27307
30936
-9513
-33524
35115
-38792
-14033
30913
-39125
-49040
-31527
-46399
50993
-30230
31010
-31393
-57217
-29060
-33678
-11509
-5090
23258
-38522
52766
51934
-6744
-2609
-20896
40799
-41575
-24229
53754
60795
-49008
-6074
-3623
-25552
-40311
-39176
42480
38815
23242
25890
-5668
2751
-32089
-3104
21341
58516
-59110
-56004
56287
-42361
-62437
-53887
8742
63649
26730
-60561
21074
-11289
-25877
50088
-9506
-9403
-59254
-46955
-6568
-23500
57409
45530
-28244
7825
-54906
-60203
-47589
-61871
34323
8523
55509
57789
24567
-54415
14969
10577
11929
57022
45688
13518
-10910
35108
-50752
63636
55616
42937
-35770
51035
-8710
26223
-37919
39073
53502
28710
-25909
39973
-31391
28860
38822
11884
-49681
18976
64063
62207
6481
37781
-35091
13565
-1395
49216
-3740
30771
-58264
-4314
-2236
55503
50432
49681
21526
3478
-62262
54602
22087
-38676
33748
-21003
-36012
-20026
11123
-56485
28519
-46680
-61721
46788
15241
-7128
-46188
33442
16622
-44804
25989
-51026
-1511
-28146
13762
-51044
-16542
-65147
33887
7736
65416
43200
49164
-55160
27890
55043
-36411
-33772
-47665
-49146
-49921
37845
-60425
-37686
44026
-45900
22705
-14976
39458
-60471
23079
-48680
46167
33174
-8939
-54492
48248
-4914
1137
23461
-34039
19021
54897
39449
-17408
37446
20213
-49518
-38620
16352
-62586
-54007
-41315
9753
6805
30266
22547
59725
-30756
55006
57339
-18548
-6789
-12819
25208
44059
32981
-49206
-16019
38590
14607
10322
-9340
17018
-21317
47884
-8098
-20143
57281
45641
11054
-53243
-46955
49752
-20238
29271
12154
-23906
49416
-25945
28617
-18235
59414
30248
55309
45896
-37849
-32621
37744
-44084
-58104
-25793
-17272
26282
-6188
-35862
32826
53364
-18336
24352
22559
42416
32478
28934
-48925
-40505
55487
-28559
23756
-62685
-28390
25841
64403
5751
39175
-64664
-31903
-6236
-37079
7230
13038
-8812
-37261
-31741
-58170
21262
-7507
-37087
8687
-45612
23199
-26301
50530
4879
-58851
-10501
28622
-17676
26123
-17939
-56514
-4234
9346
-42845
-36534
-42581
40892
-63116
18131
-39267
50417
-38570
40980
1655
-42535
6964
22712
-46715
64370
31081
-35746
-45966
-41588
-10210
49537
19636
59088
15536
-40247
-6214
-56435
-64648
-10721
54467
-16570
-43049
43499
19717
42727
-8949
-22920
18045
-58882
37268
-50011
-42558
-31593
-55837
-25443
27600
54765
-59844
31356
-18526
27870
52125
-11782
-5915
3752
14648
10391
44316
16407
39421
52499
-32394
11226
-34607
-714
3171
52429
64667
-54464
-7140
10329
35933
4844
-23777
17667
-47958
-27061
-34572
36433
1423
9534
27606
-8577
-29150
26836
-28233
-4594
64525
-14299
44896
-38151
-45108
-49054
60664
-28943
-5449
-40946
46695
-7147
49685
23544
10511
23085
29868
8403
26011
-29050
48796
-65242
34573
34083
-18359
28187
-58710
38435
49550
-12928
-45242
8066
60109
59686
-47766
-5843
23228
16712
30670
-36389
-8791
9673
-62657
6470
29522
21550
36208
30929
-18564
-17297
11629
44628
-21795
-20990
-8722
4994
-2203
-37117
-28866
-61471
-52992
-13911
13445
65219
-4333
63600
39530
44969
60324
-9744
56738
45866
59439
-48711
-35351
22236
57403
-55307
4648
47557
-26172
-35018
30229
-3259
41274
-54063
-7872
18580
-48661
13046
-50128
-39002
25402
-1159
57617
42538
22833
41533
60514
-3412
-57614
-39745
19003
13967
-22090
-4436
36875
-25918
-6022
12926
-56645
-43773
-55
10447
-25295
22629
-10319
33804
36228
-35026
49591
-47635
-52769
-18861
-56564
-46645
40214
-31273
18201
47143
-4331
-46728
-3168
30766
-41258
-63199
-62631
-116
17147
-61369
-29659
-34035
47814
-14701
-47160
42267
16852
31833
42729
8854
-47612
-38839
-5505
16941
-24554
21412
44525
11461
7038
-5120
45479
7914
39898
32551
-53632
-49752
-9402
31756
-17094
57531
-10259
-19716
-26892
51502
-39136
-46639
52934
-21875
41208
3334
27280
54776
-26906
7532
-8097
-26962
-55030
-61968
30831
-51053
43135
-39909
-18461
-6038
40164
60441
28995
49334
-55276
44994
-13430
37837
-17223
-27103
22282
-20216
36206
-47913
-54605
-63432
9218
-20658
-49051
-60871
-19959
25067
-41776
59217
64813
-59274
-17188
-53207
-15891
-61395
-54
18906
-59123
42330
-8536
-48851
282
-55274
48052
-9787
-55851
-15555
-14464
40706
6346
6379
-22254
3490
19210
35403
-63538
52350
1640
31363
-3146
-26602
56648
-8716
-38638
7754
63998
46494
-36384
-24639
54256
10204
36206
27411
2915
-44170
49282
-1413
52161
-24864
-47038
30029
-31501
8455
-45772
38695
-3243
-29673
62231
63028
58167
14144
14544
6595
-47803
28255
-31483
-17312
-44657
-17223
44933
-43551
57205
10816
-55644
65110
23624
-53840
-61741
-644
-36774
2669
4117
54443
41151
-20511
-44138
50400
-60637
27677
7180
-22699
44049
-6911
-31633
55818
-55399
58969
38382
59986
-63033
-22906
-29800
-17176
11882
54994
-10961
52133
-43002
57701
-23619
62580
-40976
33877
-1968
15613
-33240
37755
19640
4036
4297
-35051
-4085
-29008
13473
-64118
-46114
35419
7488
54472
47748
49268
-13261
712
-15785
-41540
-65266
31139
-54879
5824
-58110
-64887
-38073
10316
61307
-48522
-15937
6926
30926
-14803
28165
17180
56880
46860
-21266
58189
43831
45817
-41894
15215
-59543
-27637
2083
36670
-40458
8997
-37620
-27819
-25118
-26751
-11424
2486
-43732
-17184
44398
60760
47326
-5921
-47650
-49381
8004
-33890
-4926
-56664
-66
62251
20193
13371
-38724
-13122
154
-41924
39059
-38847
-37688
42065
-46974
-45570
26972
51433
-49046
30243
-32864
59253
-33729
-53326
64441
61471
5888
53848
61350
-15127
63193
-60609
50535
4382
4463
-17849
-50482
15641
-12431
24767
15090
-48842
10861
61823
-40778
-37909
-21525
8891
-20473
-5139
2592
-60118
42923
-52654
-28082
-41240
9834
44302
-26221
19614
-31092
-59965
-29210
-56069
12132
6518
35291
-27414
-45370
-15876
1962
-15540
30507
62608
45492
9426
-57332
64662
-42987
-36247
54314
26536
29811
63934
32321
52400
-17376
-60908
-43977
59368
-40187
5389
58660
-32285
-5174
-57643
23059
-40618
2176
-59574
42416
45104
10553
55419
53229
15689
-25051
63860
-16909
-57526
-14279
-43909
26601
-6755
63102
24156
-27885
37388
-49324
27910
-2127
37871
10465
-52855
-60523
20915
38506
-5825
3694
50761
-42243
-21709
-47465
-57408
-17125
-6490
6894
57758
33423
17615
-5236
26754
-41326
15233
21268
-5902
-56144
-55473
-16879
-8636
-20727
-4709
54637
-59678
33367
47484
3175
-24045
-3743
31868
-9362
39852
-30359
55554
-38768
27236
-17422
34768
-52129
46117
2033
63676
26259
-1924
39586
-60782
56142
17860
-21144
16493
-40046
48279
12780
54969
-60511
59228
-51105
49310
3623
38382
22236
-30770
56743
-33883
-39664
-55648
18051
-47373
-33325
-44155
-52904
17753
30233
14195
-44674
-38627
36657
3382
-27740
-21288
3811
55125
46628
-34040
-26598
-49275
32103
23958
-40430
47379
48603
-47659
54273
47029
9629
45223
-16449
38094
4370
-9348
-17775
39887
-843
29927
33757
33419
-8482
65357
-23580
-60514
-9939
52993
57909
38084
25983
21215
32402
29502
20427
63486
58646
19117
15611
24028
18348
52420
-63603
-12546
14498
13880
-44834
-22246
30578
-59775
35006
45834
-22466
205
-28103
50536
8730
28324
-54958
3502
-52543
-16061
34237
30035
44554
-22081
-10956
-54741
25171
15858
31530
-45195
-63241
17194
28460
49235
45552
7082
-44322
53917
-3930
42826
45588
-48203
52678
6158
-13338
-48738
45142
45036
-26456
4593
-40597
13351
-60039
19467
-54241
-37768
45117
15469
21100
16051
-52826
34675
-35232
-47737
5672
48728
-47348
21608
-13408
-64050
58585
56807
-33453
54095
-11036
50079
4656
-39075
47092
1022
39647
-60824
-9971
60676
34786
4830
-23609
-12224
35685
42769
11871
-55637
12006
16990
21202
-11590
-31866
50134
40626
32484
56773
-20775
-36044
-42329
-58756
38706
33966
-23367
48478
63570
53081
-5217
-58445
3838
9279
-41912
-44561
-53078
-57638
20475
-57629
-36613
6299
-57878
-47527
-56611
49868
46346
39965
-9643
55873
30666
-47394
26927
38346
-52848
-15724
59608
48768
20171
-9076
-19137
-32745
-62135
33694
-39088
32403
6981
-51722
-65051
56329
-12233
55889
-43853
-1756
-61508
22833
-48199
64667
-12374
-43480
21632
-15795
-23377
17400
-44152
-46370
-62270
-25379
-49188
-14682
-23642
-43185
-16642
6726
-10659
24786
-18216
-44061
-36461
60314
-32655
-37066
-4260
-34955
-54547
32120
3373
-9383
1268
57443
12332
-22210
-55885
-10667
-39282
-58647
-2877
60888
31008
-56173
37898
-62785
-30168
-36207
-16587
6940
48493
-1193
20477
4353
-62577
-21816
18930
29421
14202
42054
39896
-62276
57063
-61563
21677
56601
47939
47624
-48175
27739
-60649
7192
8091
24459
-35995
9171
45779
29850
-17414
-2848
-57046
46686
37728
56204
4020
10582
61110
-61837
-49914
-29921
-25885
-26233
24559
61889
55038
26061
-19596
2698
24382
-58214
-6415
4512
13144
-31949
24079
-41325
44931
52090
11048
-41867
-23338
-5596
16212
-15807
24998
424
-64002
-46167
35726
-51981
-2761
-53596
26251
23140
-50885
-59501
60637
-6502
-19086
27204
13794
8048
-18432
58630
18829
-8595
-16068
63854
3039
-6373
-58556
41329
3009
40200
-20190
13223
54780
55689
29502
-53538
-41444
5705
-54823
-7165
53267
-1434
52724
53817
-31011
57473
20943
32147
-9561
13706
-40325
-60888
-18695
6260
-45120
-50363
-23625
38385
54684
31031
-7716
-34861
31436
-35651
-30891
37857
-11884
42103
48266
-2276
-61376
14452
30876
-15940
11765
-47270
48827
21962
10673
-41626
11659
-40873
-20880
2251
12485
52514
49290
44670
45737
14813
-38586
55807
-13001
-3326
64796
-1141
-62538
23004
-65154
46999
30366
46424
-49728
-6725
-18004
-22121
25413
61850
-31503
18030
24147
-63736
23072
34848
39598
-22230
-33211
-20869
50739
59217
58146
24033
-47101
47828
13806
-26208
-49740
59825
30472
-36264
-63349
-41642
33126
50992
6192
-60110
30608
3521
46548
-26670
-42776
61433
-58401
-19352
2794
58943
-31916
-15909
48117
-1708
-11958
-16395
8119
22330
895
45736
-18641
39633
24413
22304
-15837
-18842
-8377
41077
20573
4422
38107
25679
15553
59508
17379
2472
-54886
-5899
-18181
-20394
56842
-2847
60569
-27515
-24877
43460
44205
12200
10381
-11462
12300
7058
24180
-19869
45141
-8335
-53789
61840
5691
45310
36558
54589
-20483
29374
-34353
26185
30308
-20189
37257
4556
12798
15496
28388
38539
33761
-46696
-27122
-5126
-77
-4761
-20863
10723
-13903
-50845
37982
-37711
42569
-63163
-534
-52275
-25484
43433
-53758
43789
36286
42273
-63601
-15126
54130
37430
-46483
-31748
17657
-52092
-3551
-31204
-42366
53405
30196
56761
-48326
48466
-45203
63419
-55702
-18067
-60666
51778
-55983
35413
38826
-18050
50669
-16318
5020
-53442
9474
-33951
-9669
55229
-61194
64962
-44697
51671
-65391
61375
10036
-17405
-27154
-18256
5753
-54102
19995
-61082
-15099
6526
3354
-30600
-46635
-55975
-47367
-33102
-47791
8455
-22218
-3194
-56063
42373
-14172
-16365
4070
39151
-18799
43339
-30154
40942
-17060
-59910
22172
37774
23880
19788
-59799
-15856
-46262
50024
-21114
56751
-37350
-27247
17796
-60259
-20176
-40457
-22588
-49319
-24311
1337
43525
44522
9900
-8574
5853
40208
13752
26266
-4728
-37541
-2976
-57685
-36389
6568
62390
22516
16713
-38084
-42898
-24776
-41205
-3796
22128
-3269
65400
-6763
-5307
-59169
-20246
-54081
-21243
35530
26236
46818
60874
43519
44241
-13422
17999
-36217
54131
27013
-48871
37071
-60295
-54610
59938
-51186
-4834
54001
-8275
40214
38795
-36622
34288
44937
12235
-14755
61111
-21790
19378
56353
32873
-3939
36418
38145
60806
-52855
31764
39287
-948
-49114
-63859
35203
-25184
62869
-39383
23787
-60344
3763
-58328
-52560
57970
53705
39971
53587
58608
53980
-27315
-58167
-50607
-46062
-20244
18136
32697
-12578
34698
41943
13090
-20784
5054
-63296
3204
-33098
-11475
5612
-54443
35136
-31485
14003
25612
40084
62454
48638
43683
44920
-51668
40621
36926
10402
-52622
10952
-60185
62263
-18908
-6174
50802
-22005
47063
-13065
-39210
-52226
57546
-8936
-61968
-19813
34061
57411
-18750
46416
-53020
58997
-38996
-16179
-65100
17011
-55850
-42325
47197
-9978
38354
22662
17933
-56326
-56380
-45699
-31470
47439
29264
-51783
27956
54066
-38803
57931
21638
17019
-34044
38399
-31758
-46745
-60378
-60136
-50176
21120
20987
43030
-11998
-16619
-54088
-21546
-38097
16349
-65046
62276
-51543
19766
-3073
43436
-38166
-22256
-2905
14893
52463
-24499
-47486
56363
-23097
672
45826
-28542
-44868
44911
18688
19891
-3744
-43277
-49020
-47556
-41982
29512
17853
16488
33097
-14905
-46350
39514
28271
-476
54913
45106
26798
-409
6373
3775
38309
17606
-51236
20425
36311
29977
-42796
6509
-64066
-10847
50402
-30731
-34870
64394
25053
-60474
-42342
39320
-5850
33644
-30665
-31228
47999
60287
-28918
-57808
-53284
50131
28965
-55238
-5368
30652
44991
16899
-46630
7672
16563
44295
-24070
-13869
11224
36706
-60675
16172
-1518
31170
-28172
44468
34835
20980
-21241
29640
16196
-47105
-14039
14411
-29620
61928
3743
-29089
38455
6610
-18164
-8900
-2633
65285
-38650
-49607
54452
-36938
-45113
-25643
-5243
54980
-3886
-32540
-45601
-17704
60377
-17129
-48190
19976
14429
18381
-5344
-38106
48403
63799
27101
-45330
-7515
30267
44977
-18467
20242
25316
-5104
64906
14792
55632
3952
-33155
60629
-61676
27581
25066
38159
31550
-47689
-31879
21846
35726
42222
-15553
993
-38250
23786
-27640
-13127
-64206
51063
-25871
-8852
489
36380
64433
48351
61762
-38604
23970
-60298
59612
27522
-21768
-44326
62142
-13306
-43853
-5920
13921
-45031
-38438
31813
-6872
-30227
-26177
-18163
-14631
57569
15880
15924
27365
-49736
34063
-23067
16670
-2484
-12253
40417
-8695
-56686
51291
54116
-15481
-30040
60103
58985
14213
21170
54730
39514
-19391
-21172
-50393
-41126
-41358
5200
52076
17686
56402
-23776
-17881
-29023
-57735
-27217
-36117
-25422
-3503
44421
49027
-16560
-40040
27698
-57184
59574
3786
18191
-4368
62753
29293
61418
-62138
-47062
30825
-34324
12296
-53741
-9308
-63586
-358
-49302
60365
52240
7644
-12649
13085
-32897
-16931
6074
-63698
-44956
49506
-9844
-1896
42246
50588
-39501
-9676
6127
-51463
-24034
-2993
-20070
48929
42034
-15985
-54129
-56299
12384
26930
-19106
-54614
-24890
-36510
-42660
-52042
52530
36315
-22463
62621
61743
34031
15189
-30479
-23969
-13348
-21912
11613
28243
-2975
38996
-7187
14032
37202
44677
53137
43775
22772
13789
-60664
-45980
20144
-59508
51158
20554
20561
-9965
-33407
18476
-60279
28602
-14847
-65200
-7307
40832
39430
-55911
45292
40527
-41777
-29479
19489
34662
-12495
29351
-36465
-50957
-845
-17351
-34794
56043
-46271
-37383
34
-45596
-49416
-18188
-54043
-19597
-38710
-31605
59029
-38947
32225
52035
44718
62423
57049
36784
-19974
54231
4784
17394
17830
45587
-24850
-58237
-49340
-16564
59347
-35009
6737
57991
-36330
42221
18366
-17552
35251
6892
-34915
45990
-22870
-19944
-57678
-32940
-19045
-1531
-50082
-57158
520
51220
36340
56720
-51433
-1156
-38074
-9537
4433
-10642
54541
36153
-37776
37658
-31394
32602
63675
32758
48880
64569
31158
-24751
36708
-61197
32183
5354
-31053
58943
-27151
7329
25417
62703
59178
2651
9697
-7034
-39172
-54050
12365
-11822
31880
56605
8191
-50231
-27027
7268
45354
-37633
52257
-16969
-42800
-7369
-7553
-11355
64077
-33591
-39082
-18779
50070
16677
-16263
59042
-24952
39827
8315
20916
56384
-14670
-43905
40465
-47836
35852
5362
-58647
-50888
-35862
-21247
39391
47799
43323
50856
-6945
-21814
-21388
20269
-10356
-5395
-207
37512
22560
9104
-59460
-31948
46295
-20782
35403
25547
-57972
35910
10986
-52075
63170
47275
-53813
-9419
-24100
12036
-25551
-36513
54989
-6247
56209
-16164
45582
5634
-8721
8382
46134
-33286
17081
-57310
15610
965
-43747
-11946
4283
-62066
18789
-34474
-40962
-63362
-51826
10099
13301
36321
34075
-55442
46437
-35404
56919
-22
20737
-52456
-10252
-52896
26354
-34759
-32975
8948
-11898
-64440
-56231
1835
-62794
63141
40648
-9328
19255
64982
55402
-47592
-40536
-52901
-3024
4949
-10939
5498
-28618
4204
-5567
-52710
49427
-62429
-50224
47761
-36058
64594
-51438
21712
38052
-59267
-38726
-37661
-63697
35885
21933
34209
-20498
30705
25063
62075
-15669
-43672
28891
-45788
-24563
13570
-58807
-42078
45011
60704
205
63339
-65020
47230
37105
-58613
21139
42705
-14030
-11769
63311
-27508
-3824
59117
15335
10504
-30584
33477
-31034
3446
61602
-39651
15306
8174
20803
27159
-31289
31509
-6612
5529
-42843
-25793
35092
56434
43677
51892
-63878
-17145
-57794
-16767
40935
39479
61709
-33419
-34508
465
-26526
21884
196
-28836
56393
37728
-56290
47636
-22995
10554
42229
17495
33488
24267
39222
60355
30409
-45501
8049
-55533
8305
-16838
5363
-34337
-63148
-23672
61399
48726
25713
45488
28712
50954
42435
49527
-38234
65066
2272
-46866
32882
-16921
52612
24888
-11950
-52390
-21533
7952
41748
29361
22733
65072
-59571
50039
26019
-51445
-47688
19903
28968
12943
-17688
-36075
34401
-64523
-12190
16930
4455
-53543
40669
-43471
-60912
-46846
63294
-31220
35360
-62669
-64923
4880
-18734
-27337
-54215
-48458
-2603
19524
-26064
-687
-2776
-58204
57405
-52909
34817
28200
-47122
-41913
-16398
43948
43089
-18776
7622
-23429
31583
-51023
-23892
-1807
8671
-19450
-11497
-58376
-13244
46916
-24734
-26831
-58959
-5517
16221
-38028
-8171
-52347
44546
41870
61137
25872
43658
-60397
-25023
60162
5858
40037
52712
-15166
59858
-62505
-59920
28379
20810
-49551
11737
-15068
-37288
45374
-54992
41565
-7778
-43067
40912
17599
45774
-29286
-41505
-37386
59657
15501
-45353
26385
-17073
-44408
3642
-43743
-18529
41488
5283
-22361
8659
-11327
-53767
-59990
-21491
4949
-9864
28828
-62608
3297
39455
55270
48625
-6175
61836
48133
-21051
63581
-4727
-21856
-27901
-45326
31690
7400
-58130
40911
-63520
-44978
58496
49091
-30446
-29531
-6677
17897
-19158
39712
38862
-64389
-10794
-2121
59485
-27916
12313
-59310
38826
-26871
5205
42356
25749
43251
8693
2422
-54426
4773
10115
-19909
-39859
-31424
-34879
-63967
39079
-52275
-52000
-16649
-42611
-41946
-18413
-17775
52779
52473
42460
-18068
17484
-62016
-46335
56981
23472
-58829
59065
-44962
-39135
-15651
10466
36840
-23008
-64481
24952
40444
-61984
-53508
-3000
5358
21325
-45638
-57044
22674
-5444
50161
-15351
30739
61485
59001
-64666
26323
31326
55208
10845
-35715
-6389
57524
-31821
50088
-53456
-64717
48816
-21363
10400
-15762
-14164
61353
39488
11304
-35467
40587
-48327
-30764
-24747
40995
-58515
-37114
-26779
44576
38187
-18306
30816
-24805
-19609
-2268
30960
53872
-30681
-21738
-26947
-35882
-4833
38808
-50193
-9448
-5179
40319
-16594
20719
54070
42943
-2601
53684
-5714
-49911
-44438
16052
43543
-9794
12670
695
32720
-24442
63739
64080
-34859
56428
20786
58406
-60406
-53017
2210
-16085
-26134
-45018
-39073
-53419
-54415
21092
42091
-39044
54537
-1698
-8738
30980
32700
-10188
-34959
12825
42523
-51892
-26071
7470
-51491
15214
4460
35429
39816
-16408
-60167
30757
-57270
291
-26553
54787
15768
45055
-26804
-26753
4404
23615
40490
33460
37333
-49102
-18182
19514
-46437
-28580
-61380
-38558
54650
60542
-55011
-5507
60559
-14789
-31609
64409
-36939
33929
-13134
-35634
17749
43066
-61089
55704
-19299
-38592
42679
29034
64434
-51684
47284
43662
39763
-19311
-36398
-44868
-6343
25971
6686
-60380
-3978
12667
25760
-49637
47943
-52600
-28800
31095
3586
-17904
10847
1555
36034
18627
38243
40269
33107
30217
57652
6127
61354
17327
-52703
-61388
203
13367
34678
-12143
-35537
-9369
-63177
14681
-3126
38977
-54580
-27357
-7245
28461
65018
-26780
54488
-11794
-55452
-5761
-15702
44257
-754
-28410
28823
-27095
-36056
-50481
9289
10077
45665
30519
-48979
60885
-22953
48685
-21356
27653
-32557
-57955
-19062
42954
-14546
-55632
34824
22668
38523
-64198
8428
-23504
-19375
35820
41898
-47634
-48542
50707
-1262
-46269
-61801
30820
14128
-13352
-33592
-19027
-23353
28438
6184
-24892
-50555
-32022
-50259
-13608
28812
59118
-59908
13701
55851
-3508
51547
-34758
-4501
55231
-65399
31409
-8886
-31239
34653
-17283
-11370
35371
-44079
-61738
52214
-4618
-22657
-6033
-48211
20731
-10162
-35106
26745
-10271
-58720
29319
43645
56820
11668
4948
-45100
28027
-6148
30413
-46407
-40928
38098
-2990
-40428
43322
-3697
48817
50883
-40877
-53564
-50776
8304
-3474
23432
64880
-2821
36747
-37015
-65300
42138
36485
-40820
-44824
-11538
-39591
48278
-25639
-51075
28706
47285
2989
26771
-2482
-46453
-12413
-1721
33527
40128
62439
-37627
46500
61758
8693
31986
-64609
5463
-64744
-54883
32624
-6788
-26972
-63244
-40925
-60739
-56768
35504
7164
-4767
-36326
-54424
28089
-44531
-24804
-61920
-41643
54224
2024
-51747
38943
16338
-39285
62700
28629
23900
-2328
-55092
-22120
51679
44111
-27866
50644
-46300
56987
42560
-11795
-40286
-40187
-8904
13606
2216
-23323
-1393
-3836
42944
60455
11827
-29141
-29124
2383
-17711
-34679
13700
-44493
-4195
23397
6003
-1230
60384
4471
-22859
-8351
22513
9245
-31768
54463
-46301
46590
37449
59363
6201
-25692
44054
14003
54396
-9074
-20847
-16024
-19447
-37214
-9930
-45
-29739
-61829
62975
42925
-42840
-32187
3561
-480
31092
58015
-31560
-46314
4483
-50342
27781
40817
58908
-14355
25882
-1173
-43303
61873
-40502
27344
34195
-48001
40787
43610
-20076
-32148
19407
-33374
-63128
-20761
-48543
-4801
-39962
-26750
-46828
4174
12390
-40127
65430
37208
7771
16346
-34307
9713
-11466
-41276
-20973
17834
14238
29442
-3892
-11930
31227
30033
24913
28795
-43702
37791
-63774
47522
-39960
9644
-32518
37277
-4272
-55182
12765
25123
21672
36214
26846
-40071
28825
-60087
-4893
-21783
63205
16486
60574
-32252
-43182
5603
33600
-3593
-32438
-45765
19463
-54206
65523
-63397
52685
-2946
-18666
57255
15775
60960
-9616
-55278
-5180
36064
-29409
-50532
24992
-52886
-36492
38259
-42218
62142
33322
286
-18220
-54510
-20005
7376
-16556
-33186
-16345
-40560
-11881
-2797
25418
-56088
-28956
-62928
9974
-40842
-61200
-42439
-50493
34603
-515
-11872
14761
31659
54564
-26841
60608
24919
61912
31907
41558
-46136
51394
-12168
-14199
24260
18063
53647
-32997
-7491
58826
-60283
48800
25667
-4031
4479
-43136
-41403
-36945
-6054
-22522
-45096
-52019
-29782
-3739
-48848
40328
-4552
18519
3678
-11164
57051
-41534
2014
31407
-2197
-7376
-28716
30860
-43711
54561
-11251
20813
-37476
-55648
-11725
-17084
-57817
-26511
28971
-10311
-33226
-47360
4018
-60449
33738
59182
27111
34502
-16852
31235
34470
32482
-29602
60185
43868
60588
64164
-17470
-47988
5555
-31525
-48108
41771
-6167
55818
-42605
-2024
-42187
-42839
-21465
30059
-9781
-34239
-60623
-29488
-11874
-65354
24892
34673
37530
-7215
-34432
45135
38218
-2321
-10271
-2074
-48186
23301
9783
36478
28835
-55664
-32607
-33582
46481
11742
18568
-20744
30026
65349
-32246
30079
15297
-38545
9975
-39618
25110
12417
38723
16075
-53169
-56521
-10899
-47189
-16530
-31062
-14656
33129
41082
-41766
25197
-63474
34611
23621
63931
-60778
-6005
22097
-65292
-31115
-24187
-59547
-14184
28255
27790
-64924
-28700
59490
-47186
-42664
-46951
3641
-4631
-56593
-5148
-34779
22812
48444
-46967
34699
25610
35856
-18599
23378
3292
-53787
-11786
-14555
10269
13871
12270
21282
48618
37573
30745
43102
44107
-29560
-58938
24034
36346
-332
-39810
9742
-36471
-23221
56576
41587
-3103
1021
17241
-57343
-59590
-40288
41966
-2079
43162
-9226
34379
-26349
-23652
36997
2898
16949
47453
9765
7841
16414
22197
7512
-48976
24365
-37056
-30369
-30231
40864
20099
30866
17245
-43529
-8181
57328
17795
55375
40934
-3179
-60359
-13642
50693
-47172
11637
3836
-56147
11061
-52703
32215
35692
115
50210
-16577
21309
6816
7803
8391
30788
20037
60797
22589
-28958
-99
-46115
24429
1139
33902
47725
50303
10750
46129
53508
12222
50108
-45226
19884
-55176
-52398
-57564
-54185
-20498
39068
-14897
62112
21911
19465
-42698
15118
4352
1714
22173
-54634
56588
65513
-58492
-57851
-32901
9817
58891
15002
-57042
-11718
-30544
-534
-24978
65050
-39648
-49371
-3112
-3338
-34354
-5506
-38272
-46412
51687
4935
52415
3691
-43275
-20548
-4251
12397
17023
11950
-18210
49983
34582
-23573
-25233
57441
5305
50771
12159
-39174
20361
19456
-58175
-34945
-54372
40319
12038
-21234
-38747
8821
56476
-7232
64604
36135
16168
11341
53379
-44142
-40687
34946
-50337
1838
-782
59635
1860
13837
58896
20654
-3270
-50602
35358
55883
-19465
1194
48777
-524
-31518
-39040
-48443
32170
-41930
22359
-30630
12733
-59237
-15743
-64478
58484
12176
-65042
-17596
56034
-47721
-5645
-51847
12885
27118
20146
24351
24128
-2042
55498
-12089
3491
-51697
-36841
-25731
61295
-49917
-48931
38115
17858
-15605
28511
-19095
-23243
19773
11553
-29059
-14828
64308
31225
-843
20587
17085
-21829
-20871
-57991
-28427
-64580
48211
-55953
-19248
-49359
15988
-1204
-4190
39930
-49578
50774
30397
-35395
-24965
-15923
-48219
39903
61812
-36032
3631
-32132
-38472
-61713
17716
-7399
-43051
8455
-36777
-52764
13692
-29118
-14380
-64758
-50684
45746
8645
36833
4626
26261
48947
3433
24805
22910
-23669
-15793
31514
-63416
-28992
8119
31059
24118
25407
-23046
-1096
18
53218
-17022
34919
26940
27335
53688
-48660
-11917
11274
-20922
-20580
-26513
18520
24304
-43470
-30254
-56355
28914
-60615
26241
37127
-31881
-31022
-28853
29798
35443
-61
-2845
56802
24072
36532
-31816
-7912
34241
-25950
47216
18452
50972
-46483
-25742
-31080
-2540
32326
-56701
37520
-12071
34593
-11831
19357
6372
-50435
-23798
5654
4109
59406
-33956
39753
-36889
64795
62703
-41876
31804
-79
8864
-11705
20144
-38273
-966
-47360
-34205
29722
47968
13982
-30411
-41314
16476
35020
47620
62349
34306
-46516
21538
21118
33716
13340
54650
-31502
48243
59081
58581
-47716
51323
-8507
30001
-22381
-2513
-31922
39402
20617
-14067
-12966
-23134
19550
-30747
687
58396
39846
-5210
38356
27718
28241
56570
1060
36850
-8767
19376
-53428
-3861
56748
-28675
12101
19491
-13107
-48960
-64993
-53903
60316
-19848
-64837
-46721
42992
-42807
-54292
25793
-24205
-12888
-48036
27595
-59800
-31157
-26405
-37495
63455
-39964
-34819
-45977
41746
-29566
4513
-35858
-9217
6850
65178
52121
3499
-16947
17974
-61852
-36551
-52507
-64183
-12775
-48006
44142
56439
-23140
15976
-28407
30127
-10895
44955
-35104
28838
44292
-44502
-27370
-54639
-52482
-40097
-63463
61707
20491
-61582
-31830
39150
32401
54814
60081
53585
-58519
-52722
2963
-22973
47164
36041
60313
38948
1145
33147
-44206
-30366
-87
-30602
41815
50479
58713
26344
-30222
-47937
-8924
2489
23980
4981
12841
-7815
-35322
-42884
61695
-60171
-17092
19387
8796
46258
-47261
-21427
-14120
-54345
-6183
7013
-50720
50901
-39583
-57224
37628
15220
64463
12651
-31550
53795
-46907
-507
-21544
-30970
631
-10240
-36559
10052
62643
51349
-59876
54883
-11662
-18337
60016
8765
-28460
6834
57585
6128
29903
-32828
-45830
-57626
45208
-15577
43769
-35569
18256
-50034
-22816
56302
12878
-59159
32295
6671
15777
-45940
39902
56226
19192
-40882
46225
-44042
31742
5634
52108
41595
34222
62369
-48213
30562
-24512
-15465
-12577
-33161
-47522
-6034
34192
62739
-45488
-17945
-39711
-25722
-36170
-1820
2791
14053
-7216
14102
-41902
-892
61658
31304
325
-49894
-16975
53395
-3791
-63196
30587
-1816
37982
58840
23764
8338
65409
4126
-60464
-62359
-19686
-61778
29746
-50490
-13355
53667
-7726
-21374
-57389
19169
7720
-30369
16461
56334
22401
62227
-7074
33048
57491
24150
-54999
-53379
-13368
50747
-6295
62886
61446
-4364
-60880
61681
24305
-19989
-63460
-19370
-17711
38736
-36498
-17456
-33321
43024
-61148
-53731
57763
37657
791
-47967
9092
46466
13026
57821
4106
-63257
53577
-60993
40679
30666
-6334
-19430
56691
9478
-43768
-5721
-41015
-61920
30886
43991
-45028
47937
42406
-28501
35780
56386
61314
33016
-8223
1666
-6400
-2549
6437
-30527
-15396
-37734
717
6955
20624
-38651
52775
-22442
-19979
-11343
-47076
37309
-25634
-2641
22287
51072
-62736
-32378
28528
44626
46907
-53243
-35725
48422
-46808
-2366
-35691
-33301
-33884
-17078
-25533
57138
-41636
-31130
35503
45313
-40538
-29765
-18433
43035
-55096
-54599
-65477
-54762
-11828
15065
-5269
-17234
-56414
49433
-41245
-7685
-21944
54468
12129
24454
-43242
37151
-62944
22309
-13833
-10498
34277
44896
-32049
51519
-61089
-39413
-28453
-19101
38617
53618
29464
56829
2357
-43679
51009
36787
-41345
-31742
58604
-36679
-40095
-18831
18587
8269
-2240
-5420
-62997
39425
-7663
-34045
-56525
3278
60143
16933
64485
-56142
-17852
-28042
12255
47255
49069
23672
-21161
-62365
34513
-45917
22714
-19649
27977
44529
15784
-15686
-32659
-55877
11040
-45903
18954
-49353
56746
60882
17492
-54334
1122
-56240
-57451
45469
56798
15259
-1350
-3019
-36717
37328
17854
-50622
42170
-60821
-1598
-19435
-11550
10391
38910
40006
18597
43617
-13356
32538
-39636
-39079
-24566
-56643
35678
-45261
36036
-20500
-49118
30907
279
-2358
18181
-65065
-21405
58357
-2346
12191
-2355
-44046
-57119
-12766
-51160
-57065
49570
21610
-25245
10853
21695
61610
-54119
-12828
63480
56570
-9072
-6550
64745
-46627
-58454
6166
-38913
32422
43590
8684
-13855
36793
10234
-48047
63716
23711
-32216
28000
-55790
51543
-50649
-16755
29784
34262
-41060
-43156
18785
51161
-19253
-53702
-23210
-21209
-21075
3262
22813
-35677
-15781
26145
48566
13019
-3491
15947
52617
-50023
5326
25092
-2055
35886
-18904
44696
37751
17732
44421
-56235
-35526
2539
36880
-15031
23375
41964
60355
-3418
-18161
-41153
43326
10442
39675
31671
-2811
13509
57532
26028
63287
13284
28060
11038
13907
4984
-45956
42517
-1642
-15524
58658
-41232
62953
-3165
28469
27040
8749
4926
52586
-46644
13170
42906
29712
-7149
-64862
359
-8429
-59942
-45875
-25232
-33132
29909
-3906
-32008
-63083
30938
60688
-36065
-968
-56091
-46056
25891
5687
26969
-13154
45796
-6052
-35332
9593
41960
35687
35348
61774
-7947
-15785
22232
-12283
-62923
60641
49821
-7777
58291
-45373
888
-53140
50768
-33282
-17343
38926
-9046
12228
-15978
21791
55711
-38295
-1002
-7206
-59664
-30408
-26915
-53297
34542
-48512
27353
-4917
21246
36568
-28657
6875
45847
-36696
-1161
-27736
-44274
30115
40082
-7198
36533
14410
-60365
5015
6826
-58472
-419
49275
-4662
20526
21345
-53064
-36712
-65168
32211
39620
-20518
47084
50297
-3215
-16952
-37195
-55914
-8107
-10260
60439
-12177
57612
-57192
6322
43492
7685
-7024
-25933
-7525
-47452
12829
37333
-17738
30474
-53516
-33905
4011
-45836
60816
47699
-40099
-41014
-43015
-27550
47153
-4208
59991
53389
21008
-2868
59902
-16404
-62916
-47384
-36682
51900
3228
65150
-9892
19596
-60258
-53173
-1168
49223
-62504
-2611
-34562
-22932
45480
19203
-7057
-14222
62718
59408
21782
-21578
658
-4176
7071
-4981
50281
51174
30972
42825
-10647
-10985
12056
-38459
14941
62863
-14079
15821
-3892
22635
-47637
-19137
-43034
-64406
-8097
55715
28818
47471
15498
57814
60591
-58136
35586
-29213
31365
-65214
-737
-55947
-43111
-3838
4212
44341
-40539
-59210
14651
-46228
-36871
53733
-3714
6603
-31811
-14662
35707
-27161
-27296
1387
37884
-60630
61739
-62658
-51608
-19782
29635
5566
59454
-8048
5290
-6000
-42672
-10809
11071
-12779
23634
-24008
-43961
56923
-24314
-2134
59547
-2683
23717
-262
57928
52
19091
17054
-23532
-54592
52514
-52793
-60774
57442
13065
23041
62347
33874
23675
22886
-59582
3927
-24404
12339
-11736
16482
35505
-51102
36374
-26344
-2904
11291
41980
37643
-43236
30278
-34803
-47684
-26762
-30156
33529
23377
39614
-19387
-36281
-25869
3367
23023
-13699
-2284
-44050
47248
44485
-2841
-26263
-15628
-53063
-33133
49147
-59435
22185
32675
18621
-37190
44134
-53982
5103
20007
-17476
43172
33357
37823
-64507
21954
2520
-56714
12294
-35036
-29601
-34514
-21591
-29163
63195
71
25916
-1473
37152
-37054
61980
-51420
-31380
17981
49999
-52381
38859
5296
-40556
-18684
-18092
-5205
33892
-4904
-47858
-34769
32635
-6478
32389
-58512
35364
-36417
60831
47804
-57188
53453
-5554
-65285
44233
-38561
54712
-24503
-42273
-40916
35966
-18087
-37793
44346
55707
-59178
21581
-64988
28351
-42555
-7596
4628
30888
55630
-51234
-13043
62823
14678
-29281
-31069
-37167
22619
-13506
12367
51867
17270
39735
-28774
-29363
-42875
37778
62825
20566
-15837
-29428
61852
-65480
-64665
61578
33471
-819
4274
60990
-62782
10900
58970
-27783
-61441
8561
-37309
-24566
-6482
-57602
-8022
-51863
59279
11409
7628
33771
-34854
7327
-31
20012
-175
2501
1502
7712
8155
-12483
-677
48736
-41770
-21015
-50996
-26623
-33846
47265
-53102
-64556
11987
59952
57362
49627
64648
44012
11234
10721
-56343
31280
-54221
51908
-13302
42474
-46770
24668
3465
-30811
-60762
277
-1645
-38350
39170
9458
42126
-62363
-4796
48146
-4261
-54120
-38237
24438
25652
-50078
-51700
-20761
-11377
-27126
-33825
-53002
881
36106
-50965
-84
-64310
61007
48826
-33621
-21915
-24738
-38258
-29787
-25323
-65523
47610
-57004
34700
-10684
-7117
-51614
57923
-38978
13009
-41431
55579
-43652
-2241
-5398
-55170
-64938
27348
19550
-46148
-59167
-7050
-11606
30132
28896
-58974
23996
59052
42772
-13514
-33711
-33787
59202
-61684
-36144
-57696
20091
40886
-42013
-25997
53015
27061
12170
24877
-43278
56579
37915
17261
-19037
-29050
23526
-17773
-20965
40046
54320
23211
47029
-13288
58797
-11578
24857
-20499
-26476
4821
37797
-50977
46288
64142
59842
-10414
-12507
-42335
47757
24080
56647
35637
37734
56866
17225
-21547
21205
-52912
-40715
6593
3133
44405
-17867
7385
12709
-3146
-3156
13991
-23761
18244
-61212
-34783
30222
-63145
33143
35487
29904
58902
-17819
-44065
-33340
-7325
11542
19897
30224
-9007
-46871
-3473
-55673
60688
61536
-49643
65095
38071
-45782
-54011
18418
-13917
51952
-24842
-11143
-55101
592
-47207
-21660
57583
-21601
29089
3586
-4589
38514
59587
-35169
45826
-32426
43207
18927
-11627
-30435
17681
-59678
-2699
-26760
36637
25678
18526
59207
16510
44381
56963
-59957
56444
-59074
-7200
33136
-22760
7053
-40845
35177
5713
-10821
-20080
-29896
11794
-1531
-48892
24136
60264
63771
-14297
11962
22692
49699
-2897
-54097
58248
-57512
17100
-24231
890
-20516
-47875
-57315
-51176
-9289
-28427
10371
28538
47493
-14146
-15900
-45815
59961
-8929
-36256
-4898
-22148
25418
12343
9011
-1319
44581
3634
-3302
32488
59733
-23062
-44017
-26665
-49583
4597
47897
41974
-38509
-61699
-40649
-48177
55986
59538
60406
59701
-3792
27471
-54927
-12353
-46615
-64035
-39690
-27268
-51939
-1776
53081
16606
1686
-3713
-14710
29405
-9325
-28382
-30728
-2715
46000
-58806
-31204
8077
-13790
-2001
-10718
52271
12056
-52314
3687
-57048
33714
3587
-37975
55481
-51375
-49971
16611
-62792
-802
57356
-27112
60978
28297
-60571
10853
-12256
50580
17699
-10708
-2011
31001
15554
-4117
-48507
-34407
49718
44933
34763
-59191
56449
30029
-28704
-13661
63154
-50290
-22980
19129
-54836
-32145
-8674
7045
-17469
14489
-37387
-26991
25372
-63357
-48990
769
46195
5018
-30733
-48675
31167
35380
26134
51114
7712
25038
-2463
-56243
-45528
-2995
19086
3965
32369
-43589
-7757
56617
-28595
7302
-36250
61098
42579
-6333
1301
16580
39498
7216
-38559
-27548
49744
-22159
15864
33316
-61938
-9352
54236
-45746
13238
-48061
-7642
-23265
-61604
-30905
46327
-63610
25629
14925
-18715
51455
30591
-64598
-39103
-49901
-58640
39094
51953
-36452
-8035
1969
-30928
-7800
-16171
12141
-15855
-11736
-38723
20772
-25646
30792
-27114
48341
-52922
64118
60632
42504
-43917
-53141
-33956
-36395
-9695
-15483
9372
-12848
-26979
50889
-7291
-32110
-62684
-3898
29706
28526
44813
-10287
12835
-6927
55920
20657
26253
49695
-34932
61461
-14089
-21189
-23944
-44989
-35143
59840
-62845
-24800
31047
-11319
-36559
-64897
-64764
-63696
13377
-39286
-3195
13254
-36060
32420
32415
3734
-42324
25724
-48363
-22674
62683
-25442
-7621
5885
43930
-26918
43409
-10153
-11886
52067
-20054
21240
-52279
-5286
46251
-57409
-64787
-11469
20603
30703
-22484
-8495
35119
-26472
14541
-51062
-11464
32429
8778
-38593
65010
64496
-39835
35927
-11969
43310
-18526
48679
-55220
14364
47223
11701
-25776
19525
-21973
-48505
-59254
41455
60168
-29890
-22766
-51595
59548
4053
-54481
13296
7052
4399
-29909
47865
-33688
-31512
15697
2900
1431
25869
62300
-4621
-27579
-49333
-39953
-23859
32427
38005
-60888
18380
-36207
20334
-8785
-26276
-50507
-25359
20377
21773
-31741
23063
58183
17905
-8604
-61521
9023
-36756
29033
-5620
-48672
3982
29916
-934
-22617
-65116
34575
-56610
27543
60045
38963
-32906
-28819
15815
18343
7561
37914
-14834
-6410
59659
-17214
-3508
-10641
18353
-24406
39469
-32625
-649
-7202
-35618
54108
-21009
-8640
41012
32570
-31702
44509
62957
-44686
-50378
2403
-50189
42905
54246
-50820
-63829
-1071
33089
-12541
-35123
-55381
-11126
61221
-25176
63523
-22817
-44872
57942
